0.965888000000001 0.920992000000005 1.010144 1.085008 1.155136 1.14196799999999 1.178592 1.327664 1.30456 1.054848
1.088688 1.033536 0.936623999999999 0.945135999999998 1.15174400000001 1.13152000000001 1.062192 1.137504 1.31377600000001 1.213648
1.000512 1.145456 1.067552 1.033472 1.151776 1.128656 1.184672 1.25376 1.251168 1.19199999999999
0.965744000000003 1.140736 1.094832 1.094464 1.136848 1.09940799999999 1.31904 1.328512 1.17145599999999 1.157824
1.03374399999999 1.03548799999999 0.959551999999999 0.981951999999997 1.08686400000001 1.106352 1.210848 1.13297600000001 1.130736 1.25766399999999
1.049744 1.104832 1.05776 0.977135999999998 1.110832 1.104496 1.112848 1.179712 1.139072 1.124976
0.937568000000003 1.165344 1.115152 1.130208 1.23616 1.205728 1.1884 1.20552000000001 1.16312 1.136912
1.008912 1.14095999999999 1.186512 1.23225600000001 1.26355199999999 1.30599999999999 1.288704 1.326176 1.218352 1.1672
1.09456 1.085328 1.258704 1.26408 1.278864 1.487216 1.40115199999999 1.434608 1.32728 1.134816
1.057888 0.833999999999999 0.937632 1.2912 1.496048 1.56712 1.514944 1.394048 1.31987199999999 1.221792
