0.8068 0.868784000000001 0.890992000000001 0.871552 1.047872 1.262656 1.006992 0.882368 0.925040000000002 0.912815999999998
0.902096000000001 0.946640000000007 0.962912 0.912480000000002 0.916688000000002 1.152144 1.056112 0.902255999999999 0.923984000000002 0.993903999999999
0.933103999999996 0.927936000000006 1.020992 1.077792 0.924624000000003 1.076816 1.119696 1.004032 0.851040000000001 0.970352
0.851808 0.964304 1.02806399999999 1.09076800000001 1.13928 1.127104 1.106848 0.982735999999998 0.827744000000004 0.924976
0.782624000000004 0.897200000000002 1.032752 1.08262400000001 1.125472 1.18201599999999 1.083712 0.915119999999998 0.884752000000001 0.941951999999996
0.829535999999999 0.890304000000001 0.993487999999999 1.108336 1.055056 1.1648 1.072848 0.929328000000006 0.948928000000001 0.893424
0.803343999999997 0.937888 1.007024 0.998639999999999 1.12984 1.395088 1.122704 0.861263999999999 0.879088 0.878687999999999
0.852703999999996 0.936079999999999 0.967455999999999 0.964239999999999 1.326368 1.365968 1.025504 0.811663999999998 0.812352000000001 0.955407999999999
0.934143999999998 0.840576000000001 0.914304000000003 1.042992 1.501264 1.293568 0.859855999999998 0.804032000000002 0.922000000000003 0.972576000000003
0.992927999999999 0.993791999999999 0.995488 1.128992 1.187936 1.076064 0.840431999999998 0.77048 0.921536000000001 0.930576
