0.914256000000001 0.930768 1.02096 1.052704 1.05199999999999 1.03153599999999 1.029344 1.04856 1.007136 1.046256
1.07576 0.995088000000005 0.951375999999995 0.936368000000007 0.990191999999997 1.00424 0.941743999999998 0.940928000000001 1.057904 1.10864
1.10587200000001 1.06464 1.025856 0.996656 0.995520000000001 1.02494399999999 1.053024 1.06888 1.060192 1.04308799999999
1.020864 1.043648 1.034352 1.041104 1.004336 1.034576 1.13327999999999 1.104512 1.04199999999999 1.03187199999999
0.964128000000011 0.954591999999997 0.928160000000003 0.968400000000001 1.00564799999999 1.057568 1.06617599999999 0.978272000000005 1.016592 1.09435200000001
1.036896 1.000176 1.00984 0.9856 1.02899199999999 1.02215999999999 1.026656 1.08904 1.01192000000001 0.975791999999997
1.02702399999999 1.01841599999999 1.03164799999999 1.091408 1.093248 1.056624 1.07140800000001 1.08356800000001 1.053424 1.059744
1.02279999999999 1.066832 1.094432 1.108304 1.09369600000001 1.086864 1.08896 1.106496 1.134848 1.126176
1.03631999999999 1.06896 1.125488 1.081744 1.140544 1.218016 1.241968 1.258496 1.23006400000001 1.146416
1.003424 0.816320000000001 0.847856 1.124544 1.322528 1.39712 1.439424 1.31825599999999 1.27123199999999 1.230176
