1.05537599999999 0.991312000000007 0.990352000000003 1.032352 1.102096 1.11409600000001 1.1564 1.268928 1.301264 1.026272
1.02639999999999 1.04529599999999 0.984768000000008 1.008928 1.16323199999999 1.128128 1.13073599999999 1.209472 1.24921600000001 1.099776
0.919855999999996 1.08795200000001 1.044032 1.037424 1.157616 1.10552000000001 1.12727999999999 1.1732 1.1804 1.14539199999999
0.950271999999994 1.09526400000001 1.060528 1.05254400000001 1.133232 1.063856 1.16430400000001 1.20489599999999 1.127104 1.123936
1.07262400000001 1.086192 1.0344 1.01406399999999 1.081536 1.048656 1.14184 1.17763199999999 1.11614400000001 1.15393600000001
1.029344 1.126208 1.05 0.992447999999994 1.08344 1.08768000000001 1.089472 1.097856 1.128 1.158096
0.924240000000002 1.14975999999999 1.08703999999999 1.035136 1.13171199999999 1.142752 1.10952 1.116016 1.10841600000001 1.077344
0.986751999999992 1.072032 1.087712 1.112864 1.15553600000001 1.203488 1.18537600000001 1.19948799999999 1.07619199999999 1.044048
1.0588 1.01763199999999 1.12204800000001 1.169728 1.125552 1.22254400000001 1.137504 1.143568 1.08267199999999 0.991184000000003
1.08212799999999 1.02599999999999 1.106944 1.155568 1.135536 1.12416 1.055088 1.061312 1.040032 0.995807999999998
