0.879216000000001 0.969872000000003 0.900352000000002 0.838863999999999 0.966192000000001 1.140688 0.977087999999998 0.915264000000001 1.025328 1.059456
0.848943999999998 0.906912000000001 0.957344000000001 0.923344000000001 0.910368000000001 1.11793599999999 1.061584 0.991088000000003 1.018848 1.05832
0.921599999999999 0.880623999999999 1.00304 1.053264 0.913648000000004 1.114352 1.1992 1.070688 0.927343999999998 1.011728
0.931199999999998 1.000128 1.01524799999999 1.087056 1.141456 1.16110400000001 1.21492800000001 1.063296 0.88968 0.959807999999999
0.916959999999997 1.024496 1.061632 1.12902399999999 1.172272 1.21987200000001 1.19479999999999 1.01787200000001 0.942192000000002 0.966864000000009
0.937231999999998 0.99801599999999 1.070112 1.099376 1.110624 1.30528 1.152848 0.975840000000005 1.00446399999999 0.940784000000001
0.915247999999998 1.022704 1.034752 1.029296 1.189088 1.384832 1.096208 0.900400000000001 0.928864000000002 0.909568000000001
0.989392000000001 1.03448000000001 1.02536 1.036304 1.29696 1.282864 0.979792000000001 0.783488000000002 0.79272 0.941216
1.078512 1.01987199999999 1.008064 1.067984 1.36241599999999 1.168704 0.811024 0.716143999999998 0.827584000000001 0.931952000000002
1.01505599999999 0.998976000000003 0.979024000000006 1.088608 1.21392 1.025504 0.725583999999999 0.72544 0.906048000000002 0.948528000000001
