0.927503999999999 0.907552000000001 1.02104 1.05388799999999 1.08584 1.122304 1.05184 0.995263999999999 0.924400000000001 0.862703999999999
1.073216 1.06193599999999 1.01208 1.003184 1.01479999999999 1.040752 1.020256 0.917903999999996 0.908096000000005 0.939408
1.039008 1.05699199999999 1.01892799999999 1.02523199999999 1.014352 0.967504 0.939328000000007 0.939040000000002 0.921024000000002 0.958720000000003
0.940464000000001 0.968672000000001 1.01391999999999 1.004688 1.002528 0.975711999999998 0.914720000000002 0.925839999999998 0.931680000000003 0.966096000000001
0.852991999999999 0.876559999999999 0.976240000000003 0.959600000000006 0.962272000000002 0.987552 0.909919999999998 0.901071999999998 0.940672000000002 0.975936000000009
0.89376 0.892607999999993 0.929152000000001 1.00911999999999 0.956591999999996 0.893695999999997 0.937792000000004 0.964224000000007 0.954528000000001 0.96064
0.880495999999999 0.922016000000001 0.974976000000005 0.975648 0.957231999999999 1.012784 1.057008 1.00078400000001 0.959264000000001 0.977280000000007
0.866175999999999 0.917088000000002 0.957392000000002 0.940736000000003 1.02272 1.085584 1.08576000000001 1.063344 1.041376 1.027584
0.926096 0.842032 0.938768000000001 0.986559999999997 1.101008 1.109568 1.109088 1.15254399999999 1.12505600000001 1.060896
1.01048 1.025696 1.06424 1.06220799999999 0.97864 1.061136 1.20131200000001 1.117072 1.026224 0.995360000000001
