0.970624000000001 1.113488 1.02832 1.011664 0.88992 1.005792 0.907920000000002 0.873440000000001 1.078048 1.03416
1.040992 1.131584 1.063552 1.027776 0.986752000000001 1.06761599999999 1.011984 0.966335999999996 0.859312 1.080672
1.04104 1.083008 1.157808 1.126864 1.20648 1.152592 1.192128 1.022592 0.807392000000002 1.084
0.959535999999993 1.00456 1.156144 1.310368 1.330512 1.286688 1.234864 1.03364799999999 0.894416000000002 1.05872
0.941471999999994 1.01160000000001 1.067728 1.39395200000001 1.36580800000001 1.27224 1.221648 1.031296 0.872944000000001 1.058848
0.965999999999995 1.044128 1.012096 1.311744 1.201216 1.20507200000001 1.128496 0.924303999999998 0.972944 1.058432
0.975087999999995 1.03508799999999 1.073056 1.212192 1.07135999999999 1.1068 1.06544 0.926208000000002 1.06568 1.079264
1.02072 1.10672 1.07488 1.13547199999999 1.139488 0.975520000000004 1.030144 1.033744 1.046112 1.066672
1.051104 1.172496 1.11672000000001 1.058704 1.1832 1.01328000000001 0.955392000000003 1.01007999999999 1.113424 1.063056
0.969071999999997 1.17080000000001 1.219728 0.987679999999999 1.176256 1.01000000000001 1.032752 0.986799999999998 1.12899199999999 1.08328
