0.968688000000001 1.18112 1.053968 0.998127999999999 0.92272 1.032288 0.884576 0.874031999999999 1.076384 1.009856
0.935616000000002 1.04094399999999 1.070896 1.147904 1.175056 1.39721600000001 1.334208 1.129408 0.869296 1.01232
1.1064 1.211504 1.280304 1.272224 1.387952 1.26352 1.360944 1.05688 0.789199999999999 1.247024
0.992719999999996 0.98728 1.16105599999999 1.392288 1.439984 1.43708799999999 1.39336 1.142144 0.866048000000001 0.93888
0.961519999999993 1.001808 1.15624 1.63262400000001 1.585776 1.469152 1.358832 1.128208 0.949008000000001 1.126288
0.916543999999998 1.104096 1.109216 1.488704 1.313664 1.336 1.348576 0.97568 0.921088000000002 1.062544
1.001712 1.01883200000001 0.958944 1.157712 1.14831999999999 1.116128 1.010672 0.923616000000001 1.053184 1.006928
1.016864 1.07992 1.131968 1.179168 1.124048 0.983776000000004 1.03857599999999 0.961728000000001 1.069504 1.242416
1.039856 1.23248 1.069792 1.084752 1.43552 1.13368 0.970464000000003 1.027328 1.16232 1.126176
1.024016 1.026032 1.175968 1.106784 1.176144 1.06095999999999 1.071792 1.050672 1.151568 1.0824
