1.002544 1.080512 1.045376 0.996992 1.038336 1.0244 0.977632 1.009808 1.001936 0.983184
0.900256000000003 0.920719999999998 1.01088 1.125072 1.19553600000001 1.310512 1.3244 1.169008 1.01904 0.955711999999996
1.063552 1.120608 1.10961600000001 1.13312000000001 1.154688 1.0988 1.144928 1.04107200000001 0.988624000000003 1.158288
1.03686399999999 0.982847999999998 1.004624 1.06315200000001 1.08288 1.119152 1.138176 1.11216 0.982576000000002 0.911071999999999
1.022512 0.990576 1.082864 1.17584 1.167744 1.16134399999999 1.121648 1.13792 1.090448 1.094864
0.950896000000002 1.059248 1.099424 1.13736 1.09502399999999 1.116528 1.20352000000001 1.059584 0.949200000000001 1.011248
1.02940799999999 0.985343999999998 0.899680000000003 0.957360000000001 1.07480000000001 1.020048 0.952032000000003 1.01161599999999 0.990655999999998 0.959183999999997
0.999024000000008 0.977615999999999 1.054656 1.041824 0.993375999999999 1.023408 1.027456 0.940431999999998 1.027408 1.173952
0.990272000000003 1.06168 0.980320000000001 1.026784 1.213792 1.12064000000001 1.027072 1.023552 1.073056 1.071152
1.061024 0.8864 1.00712 1.15584 1.024304 1.062496 1.042032 1.101152 1.04384 1.00747199999999
