1.1064 1.08939199999999 1.191712 1.310368 1.211504 1.227712 1.2864 1.070176 0.967776000000002 1.110208
1.028208 1.036576 1.097968 1.21297599999999 1.36921599999999 1.281504 1.144784 1.08641599999999 0.998160000000011 0.952624000000001
0.958192000000003 1.003808 1.18504 1.277472 1.335824 1.299696 1.220864 1.07372799999999 0.995120000000006 1.021536
1.000096 1.00937599999999 1.117792 1.180672 1.24337599999999 1.217936 1.18624 1.016736 0.968351999999999 1.05569599999999
1.137632 1.09336000000001 1.177936 1.210656 1.18264 1.23388799999999 1.185872 1.12289599999999 1.065568 0.987664
1.106944 1.06944 1.040784 1.16811200000001 1.18644799999999 1.127824 1.114944 1.082848 1.108736 1.03576
0.967087999999998 1.126928 1.206272 1.20592000000001 1.20456000000001 1.149168 1.07919999999999 0.996032000000009 0.959280000000003 0.978320000000004
1.082608 1.0836 1.08512 1.16536 1.19377600000001 1.11212800000001 1.09510400000001 1.06806399999999 1.030576 1.07332800000001
1.02952000000001 1.06928 1.17014399999999 1.013904 0.974767999999998 1.051744 1.055984 1.02324799999999 1.03908799999999 1.06008
1.074432 1.23929599999999 1.040864 1.06192 1.222944 1.10380799999999 0.960352000000002 0.985279999999999 1.03091199999999 0.989792000000002
