1.13152 0.98424 1.267616 1.643184 1.146944 1.44303999999999 1.43033600000001 1.18888 0.932464000000004 1.0804
1.069312 0.970591999999999 1.245984 1.249728 1.67192 1.613088 1.373248 1.3272 0.97688 0.984896
0.982815999999995 0.995152000000001 1.410448 1.34944 1.598048 1.527392 1.466 1.321568 1.050304 1.060976
1.045392 1.02096 1.249808 1.51023999999999 1.344 1.341712 1.538016 1.077184 0.985455999999998 1.12264
1.061536 1.151248 1.160992 1.367824 1.252176 1.402064 1.387264 1.036224 1.01332799999999 1.018528
1.058496 1.149184 1.0176 1.299328 1.091488 1.178304 1.131184 1.12376 1.084912 1.049696
0.997311999999999 1.220592 1.151936 1.264464 1.095664 1.23288 1.040912 1.042448 0.948192000000004 1.05648
1.073264 1.221264 1.00072 1.14657600000001 1.189664 1.131184 1.105792 1.09392 1.068832 1.176832
1.043232 1.12036799999999 1.146112 1.092912 0.91568 0.955039999999998 1.11152 0.985215999999999 1.176752 1.137536
1.146064 1.127536 1.100352 1.037984 1.135056 1.061312 0.931616000000003 0.867631999999999 1.286224 0.950976
