1.03422399999999 0.908992000000002 1.066224 1.274592 0.962944 1.189376 1.120336 1.120064 0.966447999999998 0.974431999999999
1.048688 0.953184 1.13832 1.04216 1.230592 1.268432 1.20352000000001 1.235488 0.979536000000004 1.03632
1.047504 1.011072 1.198432 1.073664 1.254736 1.1796 1.205904 1.24032 1.056912 1.04272
1.067312 1.027296 1.132368 1.288592 1.095424 1.10552 1.320912 1.062832 1.02256 1.066512
0.978624000000003 1.114688 1.006848 1.148016 1.060416 1.14249599999999 1.178288 0.925599999999999 0.976096 1.048144
0.992816 1.129312 0.996863999999998 1.136512 0.922160000000001 1.045168 1.01843199999999 1.04713599999999 0.980944000000002 1.023152
1.039504 1.110096 0.960288000000002 1.081248 0.930032 1.074896 0.971024000000005 1.04963199999999 0.989024000000001 1.08024
0.993647999999996 1.138352 0.930655999999993 0.990320000000002 0.998176000000001 1.02008 1.011168 1.02572799999999 1.03724799999999 1.098592
1.02256 1.06342399999999 0.993488000000002 1.082224 0.942495999999998 0.916224000000002 1.057952 0.97344 1.138368 1.074768
1.108032 0.957664000000001 1.069824 1.011696 0.925743999999999 0.965344000000002 0.971807999999999 0.885856000000002 1.254992 0.964208
