1.29344 1.148 1.22104000000001 1.217568 1.243984 1.290064 1.07664 1.034144 0.984576000000002 1.037568
1.16416000000001 1.22121600000001 1.22560000000001 1.22072 1.106016 1.092992 1.07295999999999 0.995392 0.970128000000002 1.1384
1.145024 1.19648000000001 1.1484 0.985728 0.947823999999999 1.12008 1.093648 0.973920000000007 1.058496 1.13456
0.979040000000001 1.166864 1.125376 1.111024 1.092496 1.10164800000001 1.004832 0.927776000000003 1.101056 1.251824
1.000832 0.998719999999999 1.105616 1.13376 1.116384 1.08152 1.083872 1.16724800000001 1.252224 1.40656
1.368208 1.119776 1.10030400000001 1.117664 1.067344 0.952256 0.873535999999999 0.989599999999998 1.125216 1.11462399999999
1.138064 1.160096 1.09676800000001 1.101728 1.142608 1.186176 1.20190399999999 1.144352 1.056144 1.163456
0.890592 0.998912 1.08007999999999 1.057168 1.089632 1.1324 1.170208 1.27753599999999 1.228128 1.300096
1.092224 1.02507199999999 1.11156799999999 1.043888 0.982096000000002 1.298176 1.236304 1.216256 1.210416 1.158528
1.11152 1.030624 0.978352 1.28176 1.411936 1.25704 1.330624 1.414128 1.308384 1.217664
