1.086688 1.19094399999999 1.116992 1.089504 1.119024 1.006048 0.912368 1.045136 1.179616 1.189072
1.14376000000001 1.122768 1.133392 1.15952 1.17526399999999 1.160784 1.19068800000001 1.148576 1.034688 1.000032
1.18169599999999 1.09217599999999 1.02504 1.00379200000001 1.002528 1.026112 1.060272 1.00753600000001 1.053392 1.310496
1.172144 1.06895999999999 0.993584000000007 1.052928 1.110544 1.10231999999999 1.084784 1.045376 1.00568 1.003024
1.18064 1.107168 1.149648 1.141344 1.073152 1.05424 1.01518399999999 1.035024 1.086288 1.122128
1.08998400000001 1.149024 1.000288 1.016048 1.081872 1.02664 1.063888 0.995968000000003 0.995824 1.094384
1.20832000000001 1.24616 1.213984 1.12312 1.194992 1.249936 1.200432 1.247696 1.263392 1.22945600000001
1.17576 1.140736 1.241392 1.33419200000001 1.30289599999999 1.289328 1.25006400000001 1.175728 1.202992 1.249824
1.12683200000001 1.136176 1.168528 1.188464 1.290384 1.270544 1.214608 1.208672 1.17294400000001 1.29740800000001
1.312768 1.25571200000001 1.215392 1.219792 1.157296 1.220832 1.22950400000001 1.269776 1.224416 1.138352
