1.373536 1.063952 1.109232 1.284528 1.07376 1.142928 0.965231999999999 1.046032 1.018624 1.033792
1.083216 0.899936 0.982448 1.166896 1.033376 1.21248 0.900080000000001 0.971424000000003 1.187088 1.135824
0.929376000000001 0.907856 0.929600000000003 1.01382399999999 1.024208 1.0652 0.874464000000002 0.968832000000001 1.08816 1.030944
0.907776000000003 0.940592000000001 1.044832 0.975424000000005 0.954416000000004 0.950975999999999 1.060368 0.808576 0.942783999999998 1.020976
0.905536000000001 0.908144 1.09752 0.985152000000005 0.940288000000004 0.964591999999998 1.00552000000001 0.795472000000001 0.890976000000001 1.209408
1.04088 1.071856 0.950672000000002 1.208448 0.932879999999994 1.005904 0.960816000000003 1.071344 1.029856 1.285744
1.168032 1.341216 0.848832 1.219424 1.025872 1.146624 1.062768 1.16888 1.140128 1.249808
1.119008 1.290976 0.897648 1.114016 1.0068 1.20032 1.02752 1.238576 1.05744 1.345712
1.064208 1.205104 0.910832000000001 1.216192 0.866256 1.210176 0.919407999999999 1.174304 1.267808 1.336608
1.105952 1.127392 0.934896000000002 1.100112 0.884480000000001 1.16368 0.922815999999999 1.116112 1.195904 1.283552
