1.231968 0.990464000000001 1.089536 1.266112 1.25192 1.145648 1.145472 1.224016 1.260656 1.260192
1.2428 1.202384 1.10004799999999 1.080256 1.26425599999999 1.24587200000001 1.282736 1.383952 1.43584000000001 1.44392000000001
1.111936 1.29139199999999 1.193744 1.08488 1.192544 1.20084800000001 1.354288 1.485392 1.48190400000002 1.41264
1.133328 1.122224 1.156416 1.252288 1.214048 1.231184 1.334192 1.42088 1.46547200000002 1.429408
1.256736 1.01432 0.986559999999998 1.2612 1.3812 1.385088 1.329808 1.278256 1.406224 1.589712
1.222608 1.154624 1.100016 1.22816 1.495248 1.502944 1.263376 1.132512 1.281824 1.478608
1.075216 1.293072 1.300144 1.4128 1.594192 1.58223999999999 1.409312 1.32512 1.27611199999999 1.533536
1.226928 1.35361600000001 1.408864 1.586032 1.69144 1.719136 1.540608 1.566784 1.392704 1.635264
1.462848 1.265344 1.32784 1.609312 1.85544 1.981776 1.65809600000001 1.524208 1.515824 1.603216
1.268224 0.879664000000001 1.068928 1.445568 1.78568 2.03569599999999 1.830336 1.49624000000001 1.467232 1.55964800000001
