1.756496 1.205664 1.33008 1.528672 1.336816 1.410928 1.032368 1.06384 0.999839999999999 1.051424
1.208768 1.013104 1.132048 1.35816 1.089632 1.273776 0.961264000000002 0.934976000000001 1.143536 1.266304
0.925967999999999 0.968767999999998 1.041328 0.970128 0.958383999999999 1.1672 0.938912000000003 0.941727999999999 1.14912 1.16312
0.826847999999998 0.998800000000001 1.128848 1.051376 1.035568 1.038768 1.055584 0.747008 1.030784 1.258384
0.877791999999997 0.868912000000001 1.196592 1.075952 1.03073599999999 1.036688 1.053408 0.912384 1.10904 1.59944
1.266272 1.189968 1.034176 1.301152 0.986383999999999 0.940528000000001 0.831375999999999 1.040784 1.147984 1.41472
1.317296 1.554368 0.930512000000003 1.311568 1.118464 1.320192 1.263088 1.336 1.179712 1.325488
0.989087999999998 1.278096 0.946863999999999 1.17408 1.090096 1.298768 1.198208 1.536064 1.27432 1.747152
1.122624 1.233984 0.983680000000001 1.187664 0.827232 1.47 1.113248 1.286432 1.44216 1.51696
1.16256 1.149008 0.883104 1.302496 1.243376 1.410736 1.172272 1.538816 1.515088 1.466096
