0.902815999999998 0.896784 0.832047999999997 0.789488 0.860559999999999 0.933967999999999 0.808495999999998 0.830704000000002 1.046992 1.206544
0.797343999999998 0.865232000000001 0.959104 0.935232000000001 0.864288000000002 0.920544000000001 0.878879999999999 0.886767999999999 1.00376 1.0536
0.882895999999997 0.84344 1.046576 1.142112 0.932304000000001 0.992895999999999 0.985968000000001 0.933872 0.898367999999998 0.938304000000001
0.991072000000002 1.034416 1.13596800000001 1.22697600000001 1.122032 1.130304 1.091952 0.971807999999998 0.87816 0.981904000000001
0.911392000000002 1.232272 1.261744 1.217504 1.12550399999999 1.21652800000001 1.112864 0.940223999999997 0.913312000000002 0.993472
0.926543999999999 1.247696 1.248544 1.14838400000001 1.098848 1.259008 1.05296 0.895743999999996 0.941472000000001 1.006096
1.023792 1.18124800000001 1.139952 1.06876800000001 1.17416000000001 1.181312 0.910991999999999 0.797312 0.901760000000003 1.02265599999999
1.224368 1.157312 1.09047999999999 1.021024 1.163648 1.016704 0.736176 0.669232 0.836064000000001 0.970368000000001
1.557264 1.10696 1.054432 1.01153599999999 1.073536 0.902448 0.617328000000001 0.617712000000001 0.856384000000003 0.901744
1.361024 1.09617599999999 1.03070399999999 1.011408 0.905888 0.728784 0.562816000000004 0.654352 0.895088000000001 0.831936
