0.961568000000002 1.129856 1.006048 1.075776 0.959824000000002 1.092384 1.0112 1.026272 1.057168 1.035552
0.974192000000002 0.959695999999999 0.907120000000002 0.990272000000004 0.946592000000003 1.07321600000001 1.04424 0.982736000000003 0.877024 1.005376
0.984336000000012 0.884960000000003 0.923520000000004 0.958912000000001 1.06136 1.04507199999999 1.043472 0.990976000000002 0.803472000000003 1.021056
0.977072000000006 0.865359999999999 0.910528000000004 1.01046399999999 1.083536 1.08047999999999 0.969008000000002 1.00462399999999 0.848431999999997 1.006256
0.9944 0.851264 0.980303999999995 0.992992 1.00627199999999 1.0396 0.942704000000005 0.994080000000003 0.900128000000001 1.085072
0.979584 0.970064 1.012192 0.929664000000007 1.029024 0.956383999999997 0.916912000000007 1.00583999999999 1.01736 1.098
0.967583999999998 1.037632 1.048752 0.946288000000004 1.00011200000001 0.936960000000002 0.961168000000002 1.04441600000001 1.08800000000001 1.070304
1.009392 1.01204799999999 1.102064 0.982304000000007 0.955248000000001 0.958624000000008 0.951456000000003 1.05918400000001 1.06683199999999 1.025584
1.10908799999999 1.011328 1.02551999999999 0.987520000000005 0.985472000000002 0.945199999999997 0.905647999999999 0.970192 1.071808 1.060048
1.049872 1.00688 1.110432 0.964000000000001 1.033072 0.851728 0.942496000000001 0.860959999999998 1.024592 1.077248
