0.916591999999998 0.918064000000002 0.87912 0.905823999999999 1.049008 1.101152 0.888639999999999 0.843376000000001 1.008368 1.056464
0.829391999999997 0.941088 1.063824 1.010272 0.940176000000005 1.005232 0.943136 0.936096000000002 1.043008 1.189376
0.912272000000001 0.927312 1.166064 1.298624 1.0264 1.051152 1.031952 0.978352000000009 0.942208 1.098
0.956847999999996 1.04904 1.275072 1.417584 1.239488 1.191312 1.093248 0.961599999999998 0.895311999999995 1.071856
0.786768000000001 1.115232 1.31500800000001 1.290656 1.189696 1.201664 0.983088000000002 0.911439999999995 0.948656 1.091136
0.878096000000002 1.170288 1.24168 1.257664 1.158656 1.168128 0.944704 0.850368000000001 0.956031999999997 1.11064
0.865568000000001 1.074656 1.18542399999999 1.106784 1.179296 1.264304 1.035968 0.844479999999994 0.928448 1.114576
1.078896 1.08488 1.134064 1.074528 1.34592 1.25704 0.940847999999999 0.855008 1.00784 1.125472
1.732512 1.05390399999999 1.098368 1.244672 1.57497599999999 1.323792 0.822671999999997 0.871840000000001 1.230912 1.233952
1.528064 1.238 1.325632 1.357264 1.226544 1.069712 0.840111999999998 0.853776000000001 1.301984 1.3036
