1.030672 1.02984 1.10681599999999 1.209776 1.24928 1.19097599999999 1.10096 1.017584 0.965184000000002 0.895648
1.06272 1.10030400000001 1.11478400000001 1.10672 1.11504 1.094352 1.0788 1.05820799999999 1.042928 1.155312
1.074384 1.10324800000001 1.115552 1.138032 1.10577600000001 1.05830399999999 1.047088 1.05028799999999 1.06254400000001 1.179168
0.985199999999998 1.03848 1.12622399999999 1.157856 1.11118400000001 1.05806399999999 1.002688 0.991952 1.035152 1.111936
0.870911999999998 0.914736000000003 1.044864 1.060704 1.06408 1.003392 0.893759999999996 0.975040000000001 1.03896 1.100064
0.960816000000005 0.938032000000005 0.99587199999999 1.100288 1.067168 0.937616000000001 0.902463999999998 0.954608000000004 1.01745599999999 1.105232
0.847152000000003 0.909664000000003 1.042096 1.036272 1.007216 1.080128 1.151456 1.074 1.03259199999999 1.090176
0.892112 0.937488000000002 1.04147199999999 1.053504 1.17248 1.27518399999999 1.29303999999999 1.28328 1.213152 1.162928
1.30048 0.953728000000008 1.05104 1.23632 1.490832 1.471008 1.361456 1.43099200000001 1.444528 1.374432
1.20488 1.13608 1.29376 1.34728 1.357872 1.47383999999999 1.520912 1.3492 1.468336 1.5676
