1.038976 1.31944 1.117296 1.167488 1.072768 1.08616 0.90608 1.059248 1.242128 1.235792
1.105904 1.075312 1.02689599999999 1.146256 1.11176 1.24387199999999 1.239392 1.125152 0.905488000000002 1.001152
1.152608 0.967264000000001 0.94608 0.961456000000003 1.061136 1.064688 1.1024 0.990719999999999 0.836864 1.322768
1.138512 0.924991999999997 0.902336000000003 1.063648 1.19681600000001 1.189584 1.048816 1.04832 0.844928 1.008992
1.167136 0.939792000000001 1.122816 1.1292 1.078976 1.096784 0.956304000000003 1.02568 0.975344 1.208576
1.05695999999999 1.110768 1.00704 0.941824000000002 1.10896 0.979808000000006 0.974096000000003 1.000192 1.012816 1.202016
1.15838400000001 1.280752 1.235376 1.059504 1.181856 1.169072 1.153904 1.30328 1.36910399999999 1.312912
1.178368 1.152224 1.34512 1.30550399999999 1.243168 1.22844800000001 1.18736 1.24387200000001 1.280784 1.273024
1.24676799999999 1.14799999999999 1.194864 1.169328 1.26913599999998 1.199872 1.096576 1.168 1.25500799999999 1.350848
1.350384 1.238688 1.346976 1.1704 1.174544 1.036832 1.150048 1.076336 1.219648 1.219712
