1.19304 0.935552 0.981407999999997 1.05867199999999 1.04340799999999 1.03105599999999 1.081664 1.143648 1.173264 1.11904
1.04820799999999 1.039888 0.996528000000008 1.018176 1.10614400000001 1.04704 1.130512 1.222128 1.23192000000001 1.17321599999999
0.932879999999996 1.109264 1.047728 1.026064 1.13423999999999 1.073504 1.16603200000001 1.26947199999998 1.27878399999999 1.20462399999999
1.01148799999999 1.036272 1.07816 1.135008 1.14937599999999 1.13296 1.130224 1.201792 1.28745599999999 1.261216
1.15056 1.006256 1.03824 1.15731199999999 1.182048 1.17539199999999 1.11057600000001 1.137744 1.25203199999999 1.354608
1.090656 1.073328 1.01943999999999 1.12840000000001 1.23496000000001 1.208192 1.094288 1.07366400000001 1.176064 1.34361599999999
0.980511999999998 1.127872 1.078896 1.17248000000001 1.243216 1.21902400000001 1.1104 1.07195200000001 1.104656 1.30168
1.030512 1.10217600000001 1.13940800000001 1.219008 1.20584 1.25396800000001 1.16558399999999 1.13984000000001 1.086016 1.339424
1.219504 1.095792 1.17014400000001 1.22392000000001 1.24430399999999 1.274688 1.070896 1.056272 1.10664 1.290336
1.380448 1.15464 1.230208 1.301488 1.33734400000001 1.2456 1.001424 0.961136000000001 1.045824 1.195664
