1.059552 1.08419200000001 1.132096 1.238656 1.250032 1.120432 1.059344 1.070576 1.074592 1.138224
1.226816 1.20032 1.11737600000001 1.08792 1.191232 1.206976 1.13632 1.13409599999999 1.16856000000001 1.26446399999999
1.220416 1.21251200000001 1.189568 1.08383999999999 1.0648 1.124816 1.16163199999999 1.17099199999999 1.160976 1.188736
1.141216 1.104272 1.128016 1.144752 1.06462399999999 1.087824 1.18427200000001 1.18623999999999 1.15007999999999 1.140528
1.113488 1.02324800000001 0.958704000000001 1.107088 1.181328 1.18067200000001 1.19956800000001 1.12872 1.13444799999999 1.185936
1.16887999999999 1.138512 1.091168 1.08928 1.215808 1.24443200000001 1.158768 1.073184 1.103744 1.111392
1.125008 1.17329600000002 1.21404800000001 1.205392 1.282592 1.29843199999999 1.28752000000001 1.250064 1.161408 1.18456
1.197376 1.232688 1.240064 1.305056 1.409888 1.37171199999999 1.32684800000001 1.38166399999999 1.293728 1.22980800000001
1.211904 1.179312 1.145024 1.31776 1.51035199999998 1.562688 1.579856 1.457936 1.37307200000001 1.258368
0.943008 0.84056 0.935392000000002 1.123424 1.351424 1.646208 1.840576 1.593584 1.420272 1.30799999999999
