0.920718050470063 1.06663243751915 1.10265567377317 1.20875584767012 1.03403780678851 1.01479733038981 1.36801155595184 1.19790038134728 1.16574733853354 1.2629540488527
0.918024688070352 0.892387553179774 0.934118493368142 1.04858551779278 1.4639554631253 1.43583901299919 1.2379406699672 1.30802307001863 1.28924678640345 1.02839208455376
0.929324665138901 0.89199039315325 1.17914575715779 1.4946555107129 1.49401042043247 1.25890702618384 1.25930122042925 1.28242318593722 1.04860942983252 0.954461234579044
1.00357729511358 0.909668823101906 0.983328309827113 1.05013989348925 1.19874404417041 1.2557903133923 1.40710405401103 1.32865123305625 1.0669377084399 0.948195520290389
1.31344553983884 1.1819393258571 1.12596096542742 1.12880089280269 1.11568915871241 1.17980100918706 1.18774511127513 1.02275534264526 0.832342253296533 0.756078082220454
0.83487134447394 0.993693220929899 0.994215162762279 1.09657446262204 1.16898271141826 1.33206633940453 1.38189666993918 1.18680841105901 1.09620229809743 0.950641057648147
0.86118677220262 0.9451268136706 1.09764276127677 1.10514937523599 1.07763193368154 0.949610580770474 0.915435828485466 0.932361265065304 0.915900297232204 0.852457966884868
1.29849943041932 1.20723023449512 1.08754727383157 1.12220113147579 1.13021499186514 1.08348215974567 1.02489504356149 0.873421823009284 0.903697457046826 0.891199339174956
0.950463046994027 1.00947963101129 1.03145752185741 1.04517133669513 1.01272266870856 0.845688455925853 0.988239979914326 1.00477956893285 0.888164695033773 0.888114199535958
1.11818567968907 1.33264626845096 1.14968771256153 0.860790151541632 1.01710591972441 1.24108678785718 0.855071720263578 0.804807534480618 0.937457470980983 1.01993940166089
