0.839819728368298 0.937375160442709 1.09788384920005 1.16043786012434 0.989736992447727 0.961328462855646 1.42956012535066 1.24797532862084 0.973737730580901 0.979025157500684
1.05170433165669 1.07816815654069 1.21292940206069 0.949681388231136 1.85683235852103 1.47457611636583 1.44982019327884 1.61641494968855 0.897276396860266 0.868752838572729
1.33859495046049 1.10045587236573 1.70797639592521 1.65198625962759 1.82377938329521 1.3207177514462 1.68042142394601 1.43877526086514 0.817868302756893 1.00068448261916
1.56276778451179 1.02864684341209 1.18686853854549 1.44338227207012 1.42103969222688 1.35938160491659 1.6098649906933 1.58123726525018 0.980362295045323 0.988306886546554
1.61991531333164 1.42132183062955 1.05244832176715 1.39054411254034 1.27194382403254 1.36443355695832 1.26043842789878 1.13062607070707 0.814156382428041 0.669325677747211
0.992732880139496 1.02893942350046 1.09912009406522 1.11735944792307 1.11657581157845 1.35890926070462 1.40766129643387 1.06023764731202 1.01054723929254 0.788589759059034
0.892349003315884 0.984735852431338 1.19925575693381 0.965720824954553 0.971072658503098 0.878609290285049 0.82036940455771 0.76635533508982 0.748489380133457 0.825029478893808
1.23174136568637 1.49535697570135 1.03660313151625 1.06490316336877 1.03928625172096 0.87715429633006 0.936426624505927 0.719894709387109 0.827152101851967 0.717736362134491
0.972829749273127 1.0713108616773 1.23266694495771 1.14369341276321 0.973470101736874 0.571454356027209 0.988543183190091 0.857361671202211 0.771942000954123 0.752830227359984
1.23477118326452 1.30034121933355 1.5503491979563 0.909507882957031 0.989944222259398 0.917686830908117 0.753384852662184 0.629307447346531 0.863069846345557 0.87853531420589
