0.919761331686966 0.895882787133249 0.995246981522349 0.95319344179963 0.976604001311281 0.919558995534276 1.06380571034529 1.04846775887545 0.842939880371954 0.768331156317709
1.11278559005037 1.15035883625503 1.24167218148951 0.874813662228685 1.21978864224444 0.9965175391924 1.17187826006578 1.21200489639951 0.694968467429545 0.838600380340619
1.28645018324552 1.12429438747995 1.43312665225473 1.09896196654251 1.26514427356943 1.03388418475404 1.31898370139423 1.13140895759017 0.785387717335687 1.05631351894962
1.49710749605188 1.04844060952251 1.17639547774955 1.34494306410339 1.19390950589259 1.08656642169728 1.15605959929384 1.19322535127434 0.920900973457341 1.0393356744135
1.26171877927768 1.2317165909195 0.95324338018805 1.21109236795945 1.12145920936564 1.1561217339725 1.03573849464555 1.09142495323531 1.00002249929964 0.850185279779859
1.11421867896395 1.08947733182068 1.11855063163741 1.00269406206969 0.94923723042622 1.00565147618063 1.01492139361542 0.890532408190077 0.918337686853311 0.831569624111798
1.05989480748473 1.07452567747477 1.11188288803438 0.880360083344267 0.881062334669438 0.907925941504805 0.893178934284825 0.831947044391202 0.803927252069944 0.883906902052157
0.9483969364866 1.25298291490469 0.943893500454514 0.958672885416367 0.925285754151769 0.781200162090107 0.913420710308318 0.801994715583056 0.898179237282482 0.807208520194516
1.00209742336085 1.07685110636095 1.18781562801482 1.04025172783245 0.947231023586559 0.673431181342221 0.994581295651122 0.786495061721673 0.822694206315149 0.832289696760757
1.08877985984202 1.02581033839517 1.33054679714534 1.01446224704393 0.968933105933428 0.734911754929194 0.856389371801095 0.774725563542013 0.901567957829392 0.831695806337414
