0.933448373412298 0.919682758335491 0.939251757048871 0.894104618510839 0.860878593750403 0.900219037749811 1.06257990613476 1.34350898545118 1.30609982155322 1.10998638165613
1.03280645438044 1.00070721409466 0.955355662618368 0.971593536583923 1.03404210671259 1.02805611414335 1.02712168499831 1.03166643115947 1.16923721631379 1.13617195004709
1.05878977967077 0.978303894142139 0.939532756423485 1.0089479022491 1.1260467081332 1.12603936716719 1.13298439800103 1.18626220838674 1.190999975383 1.14384206591913
0.977210275662477 1.11131454511755 0.993931618794616 0.963046656104666 1.11829956930864 1.02991365293894 1.21666400757911 1.35787824127019 1.16888522246482 1.09005595397255
0.975809272731884 1.15268377884691 1.12303065325982 0.960064405150642 0.951328628323212 0.956364163016356 1.13329883315485 1.20921586401473 1.11465412399731 1.15047579230451
1.05525284462067 1.09826400310404 1.12140930139198 0.87141538405419 0.836300675462538 0.976061037068581 1.25992923919404 1.63168326410671 1.32389359083307 1.1804134460736
1.17470499641374 1.14731957444598 0.983187520594647 0.856922937621745 0.865846726015435 0.995844272707051 1.21593711768579 1.28004623037915 1.4164756146796 1.24338407094714
1.22425128907321 1.08004208744576 0.965619238558156 0.903354396521642 0.930509263131998 1.00250322952925 1.1961814556331 1.17085235570443 1.33473678103028 1.19456303080114
1.02223820623878 1.08473787931819 1.24467458440777 0.999807324570994 0.970211858129611 1.01610397138728 1.14044803242272 1.40873587184952 1.42836113026315 1.17522501276434
1.07475783286233 1.4581461285218 1.54613563166088 1.16197710187276 1.11528330809551 1.07969445308141 1.18277031952166 1.5669865750735 1.71683247807026 1.41240950072837
