0.992759713216653 1.07733466192366 1.06027952473182 1.03375619967658 1.01330369809701 1.02789493769497 1.08686615584877 1.22151051926468 1.26568415682744 1.01107014423792
1.05134205424876 1.02347108543996 0.984309475651464 1.00582048400275 1.0690750544739 1.048190201467 1.06819561068259 1.12233579932707 1.16771964350931 1.13487236199984
1.05233230275276 0.976660107949067 0.96385184747187 1.01621576559746 1.07526506914939 1.06803441261513 1.06441701277494 1.08940422474858 1.14039069616136 1.19132086674016
0.994510199500145 1.10933381407199 0.989374967604064 0.950313486593927 1.07186621571359 1.00937864007909 1.15672207160351 1.23774863350728 1.13716117535357 1.12196833491487
1.03840623534975 1.13031946752317 1.03763598705501 0.92212361798374 0.96276584422968 1.01181271863005 1.23200474391667 1.29660580483482 1.1574367066401 1.15873367397801
1.08135028958719 1.12167516515362 1.09278113474066 0.931135048053865 0.937722689123537 1.08056439029559 1.24981918687585 1.29372408583689 1.26540901175446 1.23907556216063
1.10867475996214 1.16757106962491 1.0730632878053 0.932314562445414 1.03425784893372 1.14981648689443 1.28699523804034 1.37742530322253 1.34590963259515 1.1414377245406
1.26069912549876 1.13241414092848 1.01354113973571 0.991101592481753 1.13618634920721 1.16316340494813 1.35198178544663 1.43943611184727 1.31005716589073 1.02990519913038
1.09540423254045 1.08158410956823 1.04219102731972 1.07378874289822 1.12006672684489 1.1177496914194 1.2879962669615 1.40584533898845 1.31734876749801 1.00938631014557
0.942406333758311 1.05544427353979 1.02869719113516 1.03681908599388 1.05039525401991 1.03285539267823 1.18043964913962 1.35853448299511 1.3475036719907 1.07878644767092
