1.05817593520345 1.29856552006832 1.32462594434435 1.11621897170311 1.10930939560424 1.25812436720818 1.11779012949226 1.02899131035268 1.08122664043287 0.952450758545486
1.27379707189847 1.20458483457446 0.943404375219967 0.862420915397047 0.990492920406378 1.18555648775208 1.15843371193974 1.22962567777663 1.13028864379948 0.777503652389149
1.3374103353035 1.24819936435634 1.00184113261708 0.898761989847713 0.973817167763054 1.06578509801056 1.11667528424577 1.17910173660195 1.11383227278902 1.08909904693625
1.31046508088223 1.29888726387554 1.01498292666766 0.890549487556292 1.0336729147519 1.00601793829996 1.08199867275495 1.03507772938436 0.982695452007801 1.2069796993626
1.4851600662152 1.0433480129695 0.89026921750134 0.919906952222755 1.01546163774275 0.957287537281631 1.24365048633693 1.0959431496533 0.905837064782178 1.02257511314446
1.31130201971538 0.858741741520044 0.933319278912443 1.08454887934457 1.06104401391958 1.04032364672364 1.35481492744394 1.29930713659969 1.16229069380105 1.08198067507023
1.30877149055417 1.23028854074979 1.08679594800848 1.05664641165755 1.08932542696659 1.26549959822321 1.22081142002843 1.18254908707844 1.14120250637623 0.98709076010967
1.15174663902359 1.23988320743308 1.1356439376402 1.08596528544626 1.16285829767 1.35647498748807 1.35179993456116 1.1878624720985 0.956393268264798 0.977655850558691
0.758904652075136 1.12012567975832 1.17258076214893 1.12839742780749 1.25524740460807 1.36196980330445 1.56895248777642 1.2580171815746 0.888467061820823 0.955853978060738
1.03243552219802 1.38985744625525 1.11005346709796 1.16438071998962 1.4609354979324 1.48658329317799 1.55700884133545 1.27425705065497 0.813453079361956 1.09834808792881
