0.672087382785121 0.741409435043132 0.825764981607747 0.874692323435252 0.960051413031356 1.099684716435 1.15444344127808 1.06669772061053 1.01651806505168 1.04025648376549
0.738528538966215 0.754729822581334 0.76392885300055 0.910039955402228 1.02414990693497 1.06565693432025 1.12657110914025 1.24982858763547 1.18577566895529 1.04496499900803
1.09055264991335 1.23793686093084 1.32888921564038 1.2804290316719 1.15929510523796 1.00538863593837 0.947411635957569 0.807202369344617 0.683343900359983 0.749735020731084
0.875628456408086 0.904776239245624 0.965716437559369 0.911630868708984 0.913151988935154 0.972027249814939 1.02857038481394 1.23044700624464 1.16400591100152 0.972198654309369
0.861756318850792 0.8801493509061 0.973512112340478 1.12602660834946 1.17310637404579 1.11257424968887 1.08268580686852 1.00591994311243 0.929096452594525 0.950772135685061
0.957498281251828 0.924463581585764 1.09223144080104 1.09684682235485 0.950925274058294 1.17036634850775 1.29114185974464 1.16316272766996 1.02884013560629 1.0265647872045
0.870566747033891 0.892205365757208 0.818621765558695 0.885948404302302 0.885000741762292 0.731808479256538 0.685216362109645 0.716178101229781 0.713552848205465 0.698420166109234
0.751800057154526 0.768726270646317 0.756380301648472 0.70880064240229 0.783675352335112 0.904294246081679 0.933677905617619 0.90009285129894 0.944230954819314 1.019982951686
0.86712601655615 0.94459932123193 0.839378781646653 0.902208044373244 0.990671237188306 0.81077723280737 0.80173662713896 0.834388230547242 0.861413272585893 0.743761619573793
0.708245934477378 0.603116128539022 0.743745697059056 0.902830858507025 0.949914472522154 1.00353806883175 0.913154376138663 1.02049529738789 1.01664117920706 1.10144060292071
