0.915678010328896 0.837954928130806 0.874026373452426 0.86203262085357 0.842453697185345 0.878853882531019 0.990492323400147 1.10217037437791 1.03820692987107 1.1209539044406
0.964797171474775 0.950851549986668 0.971837749699281 0.976469531230236 0.969271514103043 0.971957243756302 0.962894122219088 0.918759157009644 1.01021973946737 0.99760625795594
1.00206420305209 0.985124252197081 0.956893441652762 0.994861018718637 1.05504177430504 1.05397151744641 1.06697690884549 1.0887425001708 1.05146920643321 0.956674106385267
0.98439537043996 1.00948828816089 0.981593460518287 0.993011854696907 1.04588963032208 1.02285905284679 1.04903845332827 1.09590115651472 1.02250236505288 0.968511819536216
0.92677813596196 1.02277607668131 1.09178345967055 1.03963778416893 1.01070123375725 0.96532890026018 0.925048785882906 0.945461856800629 0.972159202967446 1.00056853911848
0.965531780056125 0.955801509338505 1.0276385817766 0.954054430082255 0.911086102437216 0.918796686938292 1.01204072120735 1.26070741091929 1.05228883683173 0.953217099421263
1.08707115577488 0.978502081138925 0.941845487545793 0.960995920729515 0.853342239564886 0.872777257097798 0.934536193861066 0.926280121133003 1.07265289182785 1.09457019236848
0.979638922443734 0.96545644255805 0.978752977704384 0.93580664472943 0.821854494382536 0.864133705407559 0.884057773490246 0.816578005512199 1.03080599767493 1.18361078552749
0.936401261089972 0.987483107981601 1.19512721614219 0.938159427294804 0.859954009724892 0.910219660400535 0.877896704793348 1.01211689810252 1.10984834613189 1.19712779513784
1.33607698340629 1.25907667802418 1.44300270507338 1.19378095718803 1.0551382167077 1.04220469947905 0.997884354254322 1.13614689946685 1.26884039338943 1.32291697477677
