1.07192030501265 1.05265597936767 1.14790247831618 1.07036305807356 0.977923524590163 1.06387893685852 1.08102126086324 1.04951926011415 1.16003587958358 1.29838662674622
1.06318186666666 0.965870856461477 0.87374952033757 0.887390721757985 0.911310495049493 0.992074928666462 1.10013633257694 1.17511641694639 1.07721029888162 0.838164726411571
1.02396807720144 0.961859194291749 0.932017630016344 0.956649691509547 0.975457572195442 0.964403025641026 0.986378367250902 1.07001893514923 1.05821578737821 0.993856675622134
1.08884577442144 1.04295103156922 0.997426820667998 0.957595419285298 0.96199323889472 0.956501411241663 0.928732433778006 0.956588335564616 1.0139942167334 1.13137048117878
1.08213017283951 1.06966967448531 0.956806090897959 0.876745587836015 0.881939180753334 0.971977804822048 1.01031092302184 0.938111470955026 0.930531545699545 0.933650266166334
0.955778915921465 0.932467582513166 0.972159726486947 1.00191493485341 0.983469168850641 1.03665441886657 1.12252724771294 1.079679412165 1.0576946579233 1.05318975172634
1.14805223820046 1.14154902480036 1.06392454051067 1.06812569808698 1.07202198535369 1.04929991301772 1.01608833949366 1.02202969385476 1.03848796640688 1.0429282705178
1.15861933805621 1.17719020306181 1.13630363719045 1.09089600485998 1.02214779039301 0.99930827438237 1.04513216803813 1.04807098350477 1.00459505346733 0.992522041632838
0.853756143897636 1.0725567652664 1.17656826670727 1.06088076821535 0.941062473872305 0.989448677151994 1.1779212929217 1.14897439583169 1.00607419071143 0.888760677795628
1.2375075694841 1.40445452573762 1.14338018204304 1.04574601508224 0.982514568913712 1.01771829838788 1.11461664542328 1.22122165981619 0.956087715901541 0.869618017657567
