0.985078430510762 1.24464224546379 1.14182286406554 1.00813965912085 1.11002948896533 1.18944370143731 1.05665731626131 1.01176345368748 0.959267776456748 0.721524252224533
1.18684190584741 1.25517345296522 1.08522090858134 0.966500364333132 1.06944392935686 1.20685168700247 1.07617522373931 1.05617939382567 1.05209231108632 0.907455158086559
1.30653388666388 1.3058259856208 1.08619858066687 0.946568306631915 0.998099563060969 1.10720503442053 1.14498369764536 1.10645892535166 1.04503747695376 1.08841326976332
1.22904208453067 1.22997598106758 1.02673063534183 0.940283736170871 1.07893610757625 1.0539577883472 1.17435741210603 1.09561257967008 0.956951057666035 1.05305337300591
1.37664733120324 0.96629884872171 0.938989466871256 1.05357669745314 1.14719140520869 0.988501751397417 1.22089341231274 1.16997080253218 0.978670124802919 1.10098111061008
1.36987780331209 0.926269322014332 0.96110412794423 1.07946365291052 1.07491740120562 0.994303940626272 1.21007873113508 1.21303689054016 1.10748463560041 1.05440041347943
1.15183046081234 1.09328259998916 1.03064186461184 0.996551696278318 1.02139880313414 1.20452549311951 1.22811029566012 1.20111755498476 1.12312446784954 0.968611082045189
1.03450247251153 1.08924170878727 1.02358474535984 1.01270808512239 1.13444767352325 1.36131687523606 1.34256908617505 1.17561599846989 0.975008887357903 0.99927379343094
0.830882745985275 1.09154386043215 1.04399526666869 1.08303554527767 1.33063793513771 1.42371242380726 1.41611268838607 1.12193481886704 0.891441744563186 1.10073487521071
0.82819949308755 1.04403206165434 1.03124347661406 1.14550706873586 1.49865025539581 1.52266484498014 1.49182430156924 1.07921106780449 0.868975553545574 1.30452699838449
