0.585977475175559 0.704761907718424 0.754610962122841 0.837153733143295 0.747528710177785 1.02146102708993 0.860114654140913 0.852314213192756 1.00467405644507 1.01677255325816
0.682825467729567 0.861012646896896 0.796234977952984 1.10584361558326 0.906070740792979 1.11627030125288 0.886314260721388 1.11050476607605 1.19275712006785 1.2013008527776
0.993053821594154 1.43699516696993 1.65564764687975 1.73539559721089 1.12499431118348 1.17748526877358 0.898894623396228 0.804130015503876 0.671508045273783 0.913505830053343
0.697667717301176 1.02833412578704 1.34109420696502 1.31835712602666 1.06195475162096 1.07035985807475 1.24454589556223 1.12593224908425 1.08597118739585 1.1618308737433
0.720487527760255 1.09017422994024 1.17540192316461 1.72048380803401 1.7603533922534 1.13125282667872 1.50456161100235 0.791179949145929 0.822051189028693 1.02908571933912
0.823807395458676 1.19318961151204 1.18196534299332 1.64133257841804 1.32427793507431 1.20656259185472 1.50910441234539 0.917899616073714 0.913419663386046 1.15631535372574
0.837658640367956 1.11958623328795 0.963663518203366 1.2674183199384 1.01760932715999 0.764839516608046 0.722124786644298 0.593425122583025 0.629000786733513 0.767371978990217
0.801376865956984 0.948270352986917 0.968238597359344 0.909283420251493 0.88301523560452 1.0317360089609 0.967732829106584 0.765379220498569 0.942725108870821 1.02803349957267
0.75964481346971 1.22557467651569 1.21360273511965 1.07526748885514 0.995169113853844 1.26816390868359 0.754383682502629 0.705844700931505 0.956463789489794 0.71543148907945
0.728722200215645 0.796620055490968 1.09292414757798 1.09750910468899 0.782232131101093 1.89447553347118 0.88541608236178 0.987432700331496 1.14164277336412 1.22536733130443
