0.888836919964061 0.952983378497797 0.929180780559175 0.967969070854902 0.791714155595188 0.93583116266807 0.739782410126581 0.801241146206858 0.992976302453346 1.01461830351349
0.925261633123657 1.14658223744185 1.05550430958638 1.22497176035674 0.8884470696731 1.04872309952888 0.791166346678925 0.884477251233287 1.01658236859197 1.18781737144312
0.907510853204587 1.18214503677455 1.25655867193347 1.36356711179337 0.976824117584985 1.17000872618156 0.955098946593687 1.00109537793852 0.986919631519206 1.22656631565752
0.803758904285446 1.15935343699732 1.4157014566669 1.46534058434938 1.15879754096956 1.11516770715239 1.22723823615078 0.928569480131873 0.955660733739418 1.2397213744415
0.839932389123086 1.24565751447261 1.22150285958642 1.54385428558539 1.52364512624819 1.04068155075029 1.40919032352891 0.817334863029135 0.887203937004515 1.11869382603183
0.875891121128965 1.32055179930396 1.08252131997091 1.50131295167285 1.39695477662717 1.04467529186604 1.1783958178931 0.80619481313927 0.89100462561925 1.14076220059745
0.972927372424509 1.30346838487633 1.17468584801745 1.45812290996397 1.16965698433773 1.06625891393443 1.05901965675095 0.843811868864502 0.880580787058816 1.16603234681735
1.06378999286699 1.24494408423318 1.27968444141175 1.29713536697395 1.15704706671357 1.15509422438828 1.05637139071066 0.873667416607494 1.00878727861182 1.01408641332938
0.928431225828794 1.34430428300216 1.5111393362977 1.1980748684381 1.02173753734251 1.58900142530683 0.956354092892605 0.86943805795141 1.18055721096316 0.993659637571127
1.07912769507902 1.3254244843477 1.63380845024639 1.26770572215767 0.84079705062958 1.95122217421526 0.969776323770072 1.02347719754693 1.13724298389992 1.13933613593156
