1.190592 0.989056000000001 1.013072 1.043344 0.933008 0.90312 1.03272 1.238624 1.262144 1.326064
1.17900800000001 1.164192 1.122048 1.11049600000001 1.135056 1.131952 1.240384 1.255184 1.277872 1.351744
1.176704 1.102944 1.050592 1.059136 1.16590400000001 1.198064 1.29520000000001 1.405424 1.41064 1.35556800000001
1.146784 1.09328 1.04984 1.10192 1.19424000000001 1.15335999999999 1.23064 1.452288 1.462256 1.345744
1.18630399999999 1.12912 1.15464000000001 1.233088 1.20896000000001 1.197312 1.24464 1.364272 1.386224 1.454224
1.229024 1.14776 1.166208 1.09528 1.125712 1.328176 1.430352 1.56640000000001 1.489808 1.551472
1.347168 1.273072 1.14628800000001 1.071184 1.116624 1.306816 1.441968 1.40704 1.55408 1.677152
1.4888 1.28134400000001 1.146576 1.162704 1.245616 1.319632 1.43 1.38328 1.525744 1.6736
1.366192 1.264656 1.31304 1.27286399999999 1.40763200000001 1.354 1.349584 1.49672 1.631264 1.66030399999999
1.288448 1.537984 1.76264 1.300896 1.3312 1.402528 1.429008 1.681856 1.908512 1.802976
