1.191152 1.194496 1.244336 1.228688 1.12512 1.128976 1.131504 1.073056 1.211216 1.347968
1.052784 1.00076800000001 0.962416000000005 0.978976000000002 1.001328 1.043168 1.163264 1.354736 1.237152 1.03080000000001
1.05883199999999 1.003952 1.0204 1.061904 1.063376 1.05491199999999 1.099536 1.196784 1.220816 1.222384
1.14064 1.118112 1.107904 1.103584 1.066256 1.03723199999999 1.018048 1.02489599999999 1.126608 1.30216
1.104864 1.116256 1.024064 0.969120000000005 0.975248000000006 0.987568000000005 0.992368000000002 1.01511999999999 1.02775999999999 1.0524
1.027488 0.979920000000002 1.041968 1.092432 1.097152 1.0876 1.08024 1.068912 1.12742399999999 1.211712
1.104576 1.126256 1.137168 1.13449599999999 1.128 1.11907200000001 1.10688000000001 1.0968 1.117872 1.163408
1.193312 1.20337600000001 1.236096 1.221664 1.171824 1.17384 1.244656 1.264848 1.170304 1.123248
1.198896 1.214832 1.31728000000001 1.329456 1.274256 1.31176 1.445952 1.42656 1.29176 1.151424
1.475584 1.5556 1.38996800000001 1.32640000000001 1.363248 1.41353599999999 1.411152 1.47499200000001 1.367984 1.369568
