1.01152 1.15084799999999 1.0552 0.9488 0.988671999999999 0.973888000000003 0.874336000000007 0.918288000000002 0.979536 0.821696000000001
1.114704 1.197488 1.08721599999999 0.978944000000004 1.01531199999999 0.993760000000012 0.890959999999999 0.945007999999998 1.036512 0.903407999999999
1.25166399999999 1.25068800000001 1.133344 1.02641599999999 1.01847999999999 0.98652800000001 0.941392000000001 0.965072000000006 1.012384 1.009424
1.30806399999999 1.272144 1.14881600000001 1.061312 1.06057599999999 1.02599999999999 1.055488 1.00134400000001 0.944560000000005 1.077296
1.368288 1.162272 1.115984 1.136144 1.101424 0.985791999999999 1.137168 1.08072 0.948672000000004 1.13128
1.35425599999999 1.158 1.12136 1.127584 1.06352 0.959056000000003 1.105232 1.113472 1.038032 1.1276
1.28843199999999 1.262768 1.135424 1.034768 1.008576 1.02750399999999 1.020608 1.06360000000001 1.090352 1.08904
1.28019199999999 1.218576 1.08859199999999 0.997776000000004 1.01783999999999 1.07888 1.00875200000001 1.004176 1.02832 1.030224
1.19971200000001 1.18475199999999 1.09201599999999 1.02579199999999 1.048496 1.09936000000001 1.077904 0.967728000000001 0.922464000000001 1.065056
1.11048 1.145616 1.08568 1.064272 1.118368 1.082096 1.157168 0.973456000000004 0.858463999999999 1.144176
