0.880544000000003 0.966992000000005 0.909056000000001 1.029312 0.853903999999997 1.0164 0.823935999999998 0.941440000000002 0.973744000000001 1.015984
0.865888000000002 0.972415999999999 0.900256 1.180272 0.852288 1.054224 0.816383999999997 0.899488000000002 1.037536 1.105056
0.858080000000001 0.965968000000008 1.002288 1.160336 0.859328 1.060864 0.836000000000004 0.970144 0.982128 1.155344
0.818448 0.998704 1.114944 1.129968 0.943695999999995 0.936448000000005 0.963024 0.902496 0.906527999999997 1.178288
0.887152000000002 1.04822400000001 1.121488 1.099776 1.12256 0.850384000000002 1.087424 0.787840000000003 0.914831999999999 1.1464
0.888208000000001 1.22688 1.082624 1.064016 1.196704 0.829087999999997 0.957456000000002 0.877312 0.93168 1.183408
0.965439999999999 1.306672 1.14808 1.138272 1.091872 0.902640000000002 0.955376000000003 0.951503999999993 0.899023999999999 1.156352
1.051984 1.138448 1.312048 1.12216 0.969967999999998 1.135088 0.975680000000003 0.895168000000002 1.028768 0.975024000000001
0.979647999999998 1.15952 1.387728 1.11752 0.850992000000001 1.48224 0.906559999999998 0.835104000000001 1.136432 0.990848000000001
1.16910400000001 1.139856 1.487408 1.237312 0.738448 1.645456 0.885023999999998 0.892960000000001 1.03207999999999 1.132992
