1.076368 1.124016 1.129792 1.12315200000001 1.06176 1.066336 1.14494399999999 1.157568 1.185984 1.18032
1.03940799999999 1.051344 1.042704 1.05528000000001 1.182544 1.22462400000001 1.160272 1.198432 1.25304 1.228944
1.110528 1.06320000000001 1.142688 1.153312 1.06006399999999 1.084928 1.12808 1.163216 1.115392 1.060064
0.982447999999996 1.05159999999999 0.989999999999999 0.988191999999997 1.05328000000001 1.13588800000001 1.19192000000001 1.2124 1.213152 1.12435200000001
1.15550399999999 1.07963199999999 1.056832 1.05710399999999 1.053184 1.034112 1.085584 1.063152 0.978144 1.076752
1.03192 1.040464 1.051072 1.04921599999999 1.05163200000001 1.124704 1.08268799999999 1.084608 1.112496 1.023024
1.01344000000001 0.972944000000001 0.998000000000004 1.00966399999999 1.02220799999999 0.980192000000001 1.01952 1.0712 1.008384 1.013776
1.068192 1.11288 1.08249599999999 1.01801599999999 1.03161599999999 1.103232 1.095184 1.04471999999999 1.076928 1.079488
1.008352 0.967743999999998 0.979823999999998 1.07608000000001 1.02033600000001 1.04384 1.156992 1.194304 1.03460800000001 0.970592
1.156784 1.108256 1.08064 1.038992 1.174288 1.413376 1.184752 1.15510400000001 1.189776 1.254752
