0.728495999999999 0.817184000000003 0.882336 0.955856000000001 1.034656 1.079984 1.077376 1.104016 1.196784 1.258096
0.938288000000001 0.920351999999999 0.856511999999997 0.937904 1.006784 0.943904000000002 1.012832 1.227984 1.203984 1.093424
1.211696 1.206528 1.2276 1.134288 1.006528 0.938879999999999 0.877359999999999 0.7812 0.728112000000001 0.848256
0.989872000000003 0.984047999999999 0.955103999999999 0.902864000000003 0.936480000000003 0.957407999999998 0.980320000000001 1.15656 1.191376 1.07032
0.995024000000004 0.983744 1.033552 1.092992 1.07807999999999 1.009968 0.979919999999999 0.914960000000002 0.925551999999999 0.974448000000002
1.097552 1.002816 0.993743999999994 0.979855999999999 0.939504 1.076144 1.141344 1.093328 1.079376 1.11096
1.021872 1.128368 1.104608 1.039344 0.983968 0.896736000000001 0.864000000000001 0.883312 0.910000000000001 0.895216000000003
0.884799999999998 0.896991999999999 0.890304000000001 0.907712 1.027856 1.139264 1.135968 1.125296 1.1056 1.085904
0.986704000000004 1.01088 1.000528 1.044272 1.053184 0.919232 0.948128000000003 0.985295999999997 0.941600000000001 0.900863999999999
0.876288000000001 0.8544 0.897552 0.952784000000001 1.073248 1.153088 1.07744 1.176768 1.192512 1.244528
