1.22152 1.04860799999999 1.035392 0.960623999999999 1.088992 0.883648 0.916528000000004 0.979168 0.888448000000003 0.815135999999999
1.149424 1.086096 1.071648 0.979520000000005 1.02430399999999 0.952560000000002 0.876415999999999 0.952960000000001 0.842224 0.919120000000001
1.14137599999999 1.00952 1.111648 1.03771199999999 1.032704 0.933616 0.956464000000002 0.883760000000001 0.808608000000001 1.044384
1.273328 0.959951999999999 1.08545600000001 1.01808 1.040224 0.934671999999997 0.928032000000002 0.907776 0.849056000000002 0.99496
1.16748799999999 1.003488 1.03908799999999 1.03928 0.994416000000006 0.976096000000002 0.883872 0.937984 0.912815999999999 0.980991999999998
1.16816 1.03404799999999 1.06672 1.06615999999999 0.960272000000005 0.967872000000003 0.957503999999998 0.911119999999996 0.964128000000002 1.044992
1.190944 1.29824 0.982832 0.992863999999999 0.971856000000008 0.968512000000003 0.977568000000012 0.926463999999995 0.926752 1.022656
1.068048 1.420976 0.910415999999999 1.078416 0.933280000000001 0.919231999999998 0.928192000000001 0.96841600000001 0.915663999999996 0.988784000000004
1.042912 1.22032000000001 1.088992 1.169024 0.870608 0.889488 0.864336000000003 0.948784000000004 0.91624 1.035056
1.086736 1.207616 1.16273599999999 1.10311999999999 0.925744 0.885904000000003 0.813215999999999 0.976096000000001 0.859119999999998 1.107152
