0.628496 0.787295999999999 0.799952 0.979199999999999 0.869088000000002 1.074768 0.881023999999998 1.032928 1.159376 1.24425600000001
0.807104 0.889440000000001 0.763520000000001 1.104256 0.857263999999999 0.993760000000003 0.823328 1.10632 1.242416 1.188048
1.034528 1.147296 1.22344 1.311488 0.860096 0.992192 0.728128000000003 0.753792 0.712063999999999 0.968992
0.800128000000001 0.963456000000001 1.042256 1.007168 0.882623999999999 0.886016 0.936799999999998 1.03344 1.059488 1.248592
0.874560000000001 1.022688 1.14142399999999 1.189968 1.19776 0.844528000000001 1.058864 0.719279999999999 0.844864000000001 1.104272
0.950015999999999 1.2004 1.07308799999999 1.038384 1.11792 0.884880000000002 1.090048 0.940960000000001 1.004384 1.308096
0.968671999999999 1.407408 1.241456 1.159904 1.047328 0.80112 0.824463999999999 0.837360000000001 0.817679999999999 1.00056
0.928655999999998 1.01176 1.15056 1.006704 0.976592 1.288336 1.106368 0.989920000000001 1.12896 1.05336
0.910800000000001 1.141568 1.355488 1.159104 0.879823999999999 1.342208 0.852416000000001 0.802496 1.032736 0.858159999999999
0.960976000000001 0.961728 1.251856 1.160592 0.781168000000001 1.851392 0.950064000000001 1.011552 1.209136 1.380816
