1.30368 1.148256 1.151984 1.079568 1.153584 0.939935999999999 1.031808 1.11672 1.044096 0.952768
1.188864 1.125392 1.102016 1.03208 1.21014399999999 1.1644 1.014864 1.13872 1.050352 1.116976
1.261168 1.07128 1.260992 1.187632 1.09376 1.009264 1.07624 1.025248 0.894816 1.097024
1.236064 1.00632 1.072 1.004832 1.09492800000001 1.052448 1.104896 1.09656 1.025456 1.107808
1.33952 1.07275199999999 1.08472 1.093824 1.047008 1.008864 0.957104 0.995503999999999 0.891056 1.051072
1.1876 1.065456 1.11702399999999 1.118928 1.009056 1.084688 1.03457600000001 0.981951999999999 1.069296 1.062816
1.178656 1.254016 0.968735999999999 1.00169599999999 0.99128000000001 0.940831999999998 0.995471999999992 0.982160000000002 0.931247999999998 1.035104
1.135136 1.564944 0.980816000000001 1.090448 0.952304000000002 1.007104 1.014688 1.010864 0.986176 1.065568
1.046864 1.179952 1.057968 1.242848 0.879439999999997 0.879583999999999 0.990080000000002 1.119488 0.946048000000001 1.003936
1.252544 1.325104 1.244256 1.14128 1.084416 1.219824 0.948 1.116128 1.01664 1.354416
