1.122256 1.01673599999999 1.050704 1.060112 0.959344000000003 0.951280000000003 1.016624 1.100912 1.14118399999999 1.102464
1.07367999999999 1.018176 0.996064000000002 1.01503999999999 1.016608 0.972848000000002 1.067984 1.13407999999999 1.15155199999999 1.210656
1.06723199999999 0.995792000000009 0.967264000000008 1.00508799999999 1.053552 1.03710399999999 1.101008 1.17880000000001 1.23544 1.252928
1.058576 1.04958399999999 1.005824 1.02476799999999 1.08713600000001 1.074944 1.12286399999999 1.23455999999999 1.29894399999999 1.259008
1.11385600000001 1.04713599999999 1.041488 1.05238399999999 1.05224 1.134096 1.19827200000001 1.25268799999999 1.29835199999999 1.36024
1.14576 1.069008 1.060976 1.05868799999999 1.068864 1.200288 1.255344 1.26521599999999 1.31932800000001 1.437568
1.176176 1.145344 1.065024 1.05601600000001 1.13615999999999 1.22656 1.28801599999999 1.32304000000001 1.34134400000001 1.37912
1.31660799999999 1.164256 1.06171199999999 1.085632 1.18564800000001 1.211952 1.329408 1.36785600000001 1.32201599999999 1.32128
1.261664 1.164656 1.086864 1.123536 1.23824 1.165424 1.212576 1.298528 1.34651200000001 1.31403199999999
1.20220800000001 1.187776 1.143248 1.16774400000001 1.23707200000001 1.144432 1.1204 1.23030399999999 1.355008 1.295296
