1.0612 0.97608 0.969167999999999 1.014304 1.00104 0.954592 1.01936 1.125312 1.10774400000001 1.219488
1.100272 1.14695999999999 1.141408 1.13451199999999 1.166064 1.168176 1.16184 1.107376 1.115888 1.13782399999999
1.10585600000001 1.121952 1.1096 1.081888 1.128464 1.156672 1.177024 1.192752 1.151424 1.090256
1.10044800000001 1.068128 1.07048 1.091872 1.108672 1.075504 1.09624 1.176992 1.12856000000001 1.07049600000001
1.070352 1.09633600000001 1.127712 1.188528 1.18726399999999 1.07769599999999 1.040784 1.090864 1.084864 1.084304
1.088432 1.088 1.11040000000001 1.054416 1.076496 1.118592 1.14227200000001 1.242352 1.147776 1.08568
1.190784 1.127312 1.10836800000001 1.06135999999999 1.001136 1.072512 1.12304 1.068608 1.182608 1.223488
1.146848 1.115552 1.10899200000001 1.10193600000001 1.059456 1.090608 1.07718399999999 1.019648 1.17512 1.292528
1.09505599999999 1.089424 1.215872 1.142848 1.138784 1.16779199999999 1.116736 1.172512 1.23888 1.31403200000001
1.255632 1.296464 1.591984 1.192592 1.078192 1.228016 1.275984 1.37344 1.4176 1.406608
