1.202176 1.372224 1.306976 1.160112 1.110512 1.09720000000001 0.986416000000002 0.983520000000001 1.17862400000001 1.102336
1.17113600000001 1.19752 1.04227200000001 0.954848000000003 1.01587199999999 1.034384 1.034512 1.27574399999999 1.275888 0.930415999999997
1.307552 1.24736 1.144192 1.082912 1.081008 1.04038399999999 1.02916799999999 1.148944 1.233152 1.232368
1.472064 1.413024 1.258848 1.157376 1.124592 1.063328 1.068704 1.012816 1.062912 1.39864
1.493024 1.296896 1.13358400000001 1.096672 1.07340799999999 0.9732 1.128176 1.091536 0.971264 1.184528
1.388064 1.1288 1.16648 1.23067200000001 1.165232 1.043296 1.192992 1.188912 1.170992 1.34504
1.410144 1.409696 1.279328 1.171072 1.137008 1.146864 1.126496 1.159504 1.20528 1.25208
1.457264 1.436976 1.331216 1.210176 1.18 1.248304 1.240208 1.251296 1.18654399999999 1.15167999999999
1.407504 1.4044 1.40863999999999 1.346592 1.31688 1.393792 1.501104 1.364112 1.18614399999999 1.212736
1.588864 1.731392 1.478192 1.39980799999999 1.508416 1.47780800000001 1.55641600000001 1.412016 1.14928 1.538624
