0.4896 0.666 0.745900690254022
0.4896 0.666 0.855390465209682
0.4896 0.666 0.93103129911092
0.4896 0.666 0.998533827165502
0.4896 0.666 1.05047762513507
0.4896 0.666 1.11638091208556
0.4896 0.666 1.18470836302772
0.4896 0.666 1.2552511956217
0.4896 0.666 1.35817566664431
0.4896 0.666 1.59863115385821
0.544 0.74 0.745900690254022
0.544 0.74 0.855390465209682
0.544 0.74 0.93103129911092
0.544 0.74 0.998533827165502
0.544 0.74 1.05047762513507
0.544 0.74 1.11638091208556
0.544 0.74 1.18470836302772
0.544 0.74 1.2552511956217
0.544 0.74 1.35817566664431
0.544 0.74 1.59863115385821
0.5984 0.814 0.745900690254022
0.5984 0.814 0.855390465209682
0.5984 0.814 0.93103129911092
0.5984 0.814 0.998533827165502
0.5984 0.814 1.05047762513507
0.5984 0.814 1.11638091208556
0.5984 0.814 1.18470836302772
0.5984 0.814 1.2552511956217
0.5984 0.814 1.35817566664431
0.5984 0.814 1.59863115385821
