0.045 0.216 1.07027296705517 0.51742397179403
0.045 0.216 1.07027296705517 0.633021371647479
0.045 0.216 1.07027296705517 0.722888178190218
0.045 0.216 1.07027296705517 0.832820585513327
0.045 0.216 1.07027296705517 0.996048377520656
0.045 0.216 1.32074459806379 0.51742397179403
0.045 0.216 1.32074459806379 0.633021371647479
0.045 0.216 1.32074459806379 0.722888178190218
0.045 0.216 1.32074459806379 0.832820585513327
0.045 0.216 1.32074459806379 0.996048377520656
0.045 0.216 1.52942442524759 0.51742397179403
0.045 0.216 1.52942442524759 0.633021371647479
0.045 0.216 1.52942442524759 0.722888178190218
0.045 0.216 1.52942442524759 0.832820585513327
0.045 0.216 1.52942442524759 0.996048377520656
0.045 0.216 1.76020763191835 0.51742397179403
0.045 0.216 1.76020763191835 0.633021371647479
0.045 0.216 1.76020763191835 0.722888178190218
0.045 0.216 1.76020763191835 0.832820585513327
0.045 0.216 1.76020763191835 0.996048377520656
0.045 0.216 2.17078165415932 0.51742397179403
0.045 0.216 2.17078165415932 0.633021371647479
0.045 0.216 2.17078165415932 0.722888178190218
0.045 0.216 2.17078165415932 0.832820585513327
0.045 0.216 2.17078165415932 0.996048377520656
0.05 0.24 1.07027296705517 0.51742397179403
0.05 0.24 1.07027296705517 0.633021371647479
0.05 0.24 1.07027296705517 0.722888178190218
0.05 0.24 1.07027296705517 0.832820585513327
0.05 0.24 1.07027296705517 0.996048377520656
0.05 0.24 1.32074459806379 0.51742397179403
0.05 0.24 1.32074459806379 0.633021371647479
0.05 0.24 1.32074459806379 0.722888178190218
0.05 0.24 1.32074459806379 0.832820585513327
0.05 0.24 1.32074459806379 0.996048377520656
0.05 0.24 1.52942442524759 0.51742397179403
0.05 0.24 1.52942442524759 0.633021371647479
0.05 0.24 1.52942442524759 0.722888178190218
0.05 0.24 1.52942442524759 0.832820585513327
0.05 0.24 1.52942442524759 0.996048377520656
0.05 0.24 1.76020763191835 0.51742397179403
0.05 0.24 1.76020763191835 0.633021371647479
0.05 0.24 1.76020763191835 0.722888178190218
0.05 0.24 1.76020763191835 0.832820585513327
0.05 0.24 1.76020763191835 0.996048377520656
0.05 0.24 2.17078165415932 0.51742397179403
0.05 0.24 2.17078165415932 0.633021371647479
0.05 0.24 2.17078165415932 0.722888178190218
0.05 0.24 2.17078165415932 0.832820585513327
0.05 0.24 2.17078165415932 0.996048377520656
0.055 0.264 1.07027296705517 0.51742397179403
0.055 0.264 1.07027296705517 0.633021371647479
0.055 0.264 1.07027296705517 0.722888178190218
0.055 0.264 1.07027296705517 0.832820585513327
0.055 0.264 1.07027296705517 0.996048377520656
0.055 0.264 1.32074459806379 0.51742397179403
0.055 0.264 1.32074459806379 0.633021371647479
0.055 0.264 1.32074459806379 0.722888178190218
0.055 0.264 1.32074459806379 0.832820585513327
0.055 0.264 1.32074459806379 0.996048377520656
0.055 0.264 1.52942442524759 0.51742397179403
0.055 0.264 1.52942442524759 0.633021371647479
0.055 0.264 1.52942442524759 0.722888178190218
0.055 0.264 1.52942442524759 0.832820585513327
0.055 0.264 1.52942442524759 0.996048377520656
0.055 0.264 1.76020763191835 0.51742397179403
0.055 0.264 1.76020763191835 0.633021371647479
0.055 0.264 1.76020763191835 0.722888178190218
0.055 0.264 1.76020763191835 0.832820585513327
0.055 0.264 1.76020763191835 0.996048377520656
0.055 0.264 2.17078165415932 0.51742397179403
0.055 0.264 2.17078165415932 0.633021371647479
0.055 0.264 2.17078165415932 0.722888178190218
0.055 0.264 2.17078165415932 0.832820585513327
0.055 0.264 2.17078165415932 0.996048377520656
